1

0
25


2

0
30


3

3
30


4

13
55


5

3
60


6

3  
190


7

17
50


8

10
24


9

13
75


10

17
70


11

12
12


12

19
100


13

17
85


14

23
0 


15

19
50


16

18
0


17

20
0 


18

22
220


19

26
115


20

23
35


21

20
180


22

22
305


23

26
120


24

23
360


25

18
325


26

26
200


27

19
155


28

22
245


29

22
10


30

23
240


31

22
430


32

26
315


33

26
540


34

26
470


35

21
480


36

25
530


37

23
530


38

26
180


39

29
495


40

39
545


41

29
325


42

28
230


43

23
215


44

23
120


45

36
430


46

32
465


47

28
195


48

33
830


49

32
390